397133
37777
252219
87038
174482
403385
6818
480985
458054
331352
296649
386912
502136
491497
184791
348881
289393
522713
181666
17627
143931
303818
463730
460347
322864
226111
153299
308394
456496
58636
41888
184321
565778
297343
336587
122745
219578
555705
443303
500663
418281
25560
403817
85329
329323
239274
286994
511321
314294
233771
475779
301867
312421
185250
356427
572517
270244
516316
125211
562121
360661
16228
382088
266409
430961
80671
577539
104612
476258
448365
35197
349860
180135
486438
400573
109798
370677
238866
369370
502737
515579
515445
173383
438862
180560
347693
39956
321214
474028
66523
355257
142092
63154
199551
239347
514508
473237
228144
206027
78915
551215
544519
96493
23899
340175
578500
366141
57597
559842
434230
428454
399462
261061
168330
383384
342006
217285
236412
524456
153343
95786
326541
213086
231339
508730
550426
368294
171190
301135
580294
494869
33638
329219
34873
186980
127182
356387
367680
263796
117425
365387
487583
504711
363840
214720
379453
311295
29393
278848
166391
48153
459153
295713
223130
273132
198960
344059
410428
87875
450758
458790
460160
458109
30675
566524
338428
545826
166277
269314
476415
292082
360137
122046
352684
512836
8021
107226
84477
562243
181859
177015
292236
121506
288042
453860
500257
113403
125062
375015
334719
134112
283520
31269
319721
165351
347265
414170
231508
389381
118921
21503
785
300842
105014
261982
34205
99242
314709
460494
339442
541055
409475
464786
378605
331817
218091
578545
363207
372577
212166
172571
294831
84431
323355
355325
100582
555412
4495
9483
326082
398237
507223
31050
239537
340930
11813
281414
537991
284282
321333
521282
108026
243204
177935
38829
397327
501523
555050
376442
187243
356347
293044
560279
42276
534827
190756
482917
300659
199977
442480
384350
383621
189828
412894
537153
361103
392722
338560
264535
295231
154947
212559
458755
104782
315257
130599
227187
151662
461275
523811
456559
101068
140640
516708
544605
385190
338986
53994
61171
314034
291490
152740
24919
79837
21903
564133
337055
110638
34139
80340
83113
173033
255664
72813
545129
546011
121031
172547
369081
509131
578922
464089
453708
177714
459887
155179
261116
396274
29640
141328
308430
43314
273715
456303
406611
475064
466567
137246
15079
296284
226147
226903
127517
162092
131379
366611
263969
551439
474167
159458
554735
99428
386352
173004
311394
578489
189310
491366
448076
293804
312237
221291
141821
410650
199310
323151
89648
219283
471869
520264
111179
151000
100624
332570
57238
502732
135561
8277
173044
168458
512194
370042
189436
533958
117645
221708
202228
403565
211042
492878
441586
547816
306733
530099
312278
97679
564127
251065
3845
138819
205834
348708
166521
485802
99054
22969
570539
278353
158548
461405
176606
44699
559956
268996
11197
483667
448810
724
51961
375278
302165
131131
98839
402992
465675
240754
21167
148730
384468
253742
186873
82180
446522
552902
125405
110211
16010
64462
314182
248980
68387
429281
345466
352900
118367
113235
311303
163640
370999
1490
329456
570471
88269
260470
193494
252776
201072
18150
337498
521405
518770
201646
36936
59044
172946
234607
532690
323895
384670
50326
205542
217957
162035
415727
46252
182021
231747
90284
286553
488736
63602
383386
450686
5060
286523
120420
579655
117908
550322
322844
218362
213224
223747
297578
458992
78266
164602
440475
101762
557501
203317
368940
569917
144798
284623
520301
127987
63740
36494
210032
