83
347
532
1045
1139
1716
2159
2813
3040
3575
3781
4218
4434
4483
4525
285666
497981
498311
713027
713431
713491
1159279
1159540
1159694
1159744
1159873
1159972
1159995
1160034
1591822
1591881
1592256
1592323
1592611
1592779
1592852
1592930
1593021
1593068
1593241
1593259
2315399
2315969
2316439
2316445
2316585
2316628
2316897
2317399
2317578
2318115
2318369
2318440
2318496
2318583
2318913
2318942
2319079
2319149
2319501
2319669
2319710
2320251
2320648
2320698
2320927
2320957
2321001
2321381
2322129
2322284
2322814
2322943
2323305
2323847
2324675
2324842
2324854
2324932
2325308
2326698
2326699
2326969
2327066
2327344
2327444
2327650
2327696
2327918
2328070
2328175
2328345
2328417
2328583
2329266
2330342
2331047
2331383
2331993
2332038
2332066
2332239
2332341
2333282
2333291
2333601
2334041
2334757
2334959
2335066
2335180
2335341
2335407
2335564
2335895
2336031
2336123
2336165
2336245
2336275
2336668
2336871
2337319
2337466
2337482
2337637
2338009
2338027
2338369
2338540
2338778
2338877
2338982
2339184
2339493
2339752
2339763
2339984
2340059
2340282
2340394
2340552
2340775
2342080
2342353
2342444
2342599
2342650
2342674
2342695
2342749
2342915
2342937
2343037
2343345
2344045
2344446
2344459
2344493
2344534
2344546
2345476
2346047
2346565
2346611
2347057
2347297
2348575
2349159
2349416
2349496
2349564
2349670
2349796
2350875
2350894
2351741
2352582
2352788
2352954
2353074
2353084
2353616
2355068
2355207
2355714
2356074
2356121
2356259
2356511
2357259
2357707
2357774
2358408
2358470
2358536
2358600
2358626
2358828
2359262
2360042
2360765
2361228
2361287
2361514
2361531
2361736
2361898
2362268
2362364
2362923
2364039
2364080
2364407
2364413
2364445
2364508
2364565
2364584
2364645
2365315
2365681
2366193
2366660
2367354
2368110
2368192
2368508
2368774
2368817
2368996
2369534
2369615
2370016
2370071
2370681
2370826
2371479
2371520
2371844
2372054
2372677
2373246
2373277
2373324
2373416
2373675
2374347
2375149
2375342
2375655
2375995
2376311
2376313
2376333
2376562
2377208
2377681
2378406
2379084
2379285
2379457
2379567
2379786
2379993
2380286
2380294
2380388
2380673
2380711
2380719
2380732
2380910
2381146
2381575
2381641
2382289
2382368
2382609
2382779
2382880
2383143
2383321
2383979
2383998
2384583
2384873
2384897
2385235
2385443
2386236
2386409
2386658
2386697
2387359
2387380
2387453
2387511
2388051
2388069
2388190
2388367
2388946
2389025
2389145
2389222
2389596
2390045
2390293
2390699
2391028
2391050
2392484
2392623
2393640
2393968
2394145
2394523
2395092
2395198
2395697
2395770
2395864
2396008
2396300
2396794
2397054
2397354
2397355
2397722
2397905
2398185
2398459
2398695
2398805
2399024
2399108
2400148
2400255
2400322
2400544
2400777
2401046
2401262
2401768
2401798
2401971
2402222
2402373
2402873
2403106
2404039
2404251
2404690
2404756
2405144
2405594
2406302
2406726
2406748
2406990
2407062
2407236
2407380
2407567
2407743
2408419
2408537
2408545
2408628
2408655
2408732
2408931
2409452
2409552
2410121
2410242
2410715
2410992
2411122
2411532
2411908
2412143
2412219
2412631
2412879
2413066
2413140
2413274
2413603
2413953
2413992
2414643
2415055
2415419
2416071
2416171
2416250
2416319
2417304
